# ----- Rotor performance tables for the WEIS Turbine wind turbine ----- 
# ------------ Written on Sep-29-26 using the ROSCO toolbox ------------ 

# Pitch angle vector, 20 entries - x axis (matrix columns) (deg)
-5.0   -3.158   -1.316   0.5263   2.368   4.211   6.053   7.895   9.737   11.58   13.42   15.26   17.11   18.95   20.79   22.63   24.47   26.32   28.16   30.0   
# TSR vector, 20 entries - y axis (matrix rows) (-)
2.0    2.526    3.053    3.579    4.105    4.632    5.158    5.684    6.211    6.737    7.263    7.789    8.316    8.842    9.368    9.895    10.42    10.95    11.47    12.0    
# Wind speed vector - z axis (m/s)
9.137    

# Power coefficient

-0.002440   0.000797   0.004104   0.007471   0.010909   0.014462   0.018203   0.022231   0.026683   0.031664   0.036982   0.042069   0.046352   0.049466   0.051233   0.051638   0.050791   0.048859   0.046000   0.042348   
-0.001870   0.004509   0.011034   0.017813   0.025000   0.032818   0.041531   0.050936   0.059839   0.067102   0.072165   0.074822   0.075156   0.073452   0.070074   0.065337   0.059472   0.052649   0.045016   0.036679   
0.003881   0.015156   0.027011   0.039813   0.054040   0.069321   0.083244   0.093963   0.100872   0.103890   0.103385   0.099958   0.094250   0.086753   0.077777   0.067560   0.056294   0.044144   0.031228   0.017618   
0.017272   0.036078   0.056619   0.079392   0.101688   0.119299   0.131041   0.136814   0.137257   0.133319   0.126011   0.116172   0.104301   0.090725   0.075709   0.059508   0.042302   0.024202   0.005289   -0.014333   
0.041163   0.071442   0.104669   0.135042   0.157130   0.170271   0.175243   0.173438   0.166312   0.155238   0.141232   0.124820   0.106365   0.086199   0.064637   0.041883   0.018052   -0.006764   -0.032451   -0.058140   
0.079136   0.125035   0.166320   0.195034   0.211057   0.216389   0.213207   0.203477   0.188967   0.170952   0.150024   0.126603   0.101082   0.073849   0.045152   0.015128   -0.016139   -0.048547   -0.081159   -0.111334   
0.134767   0.191635   0.230945   0.252523   0.260105   0.256907   0.245513   0.228145   0.206503   0.181337   0.153104   0.122244   0.089200   0.054319   0.017743   -0.020434   -0.060152   -0.100752   -0.139333   -0.171620   
0.204868   0.260991   0.292064   0.304514   0.303281   0.291757   0.272631   0.248166   0.219427   0.186903   0.151032   0.112315   0.071209   0.027917   -0.017473   -0.064914   -0.114169   -0.162724   -0.205536   -0.237447   
0.278679   0.325337   0.346210   0.349674   0.340297   0.321268   0.295319   0.264149   0.228284   0.188174   0.144316   0.097262   0.047359   -0.005298   -0.060658   -0.118687   -0.178042   -0.233657   -0.278551   -0.308976   
0.345746   0.380036   0.391685   0.387568   0.371433   0.346208   0.314329   0.276652   0.233601   0.185656   0.133386   0.077335   0.017693   -0.045474   -0.112139   -0.182018   -0.251466   -0.312726   -0.357988   -0.388090   
0.398547   0.422514   0.427625   0.418306   0.397347   0.367405   0.330192   0.286192   0.235862   0.179751   0.118509   0.052586   -0.017895   -0.092878   -0.172323   -0.254954   -0.334125   -0.399461   -0.444698   -0.477975   
0.431214   0.450562   0.453588   0.442270   0.418719   0.385390   0.343393   0.293220   0.235435   0.170709   0.099765   0.022952   -0.059607   -0.147835   -0.241585   -0.337518   -0.425706   -0.493861   -0.540293   -0.582330   
0.435850   0.461445   0.469055   0.459725   0.436063   0.400573   0.354323   0.298059   0.232552   0.158659   0.077133   -0.011706   -0.107697   -0.210718   -0.320163   -0.429748   -0.526066   -0.596512   -0.646815   -0.703538   
0.418178   0.451836   0.472857   0.470695   0.449635   0.413228   0.363242   0.300914   0.227350   0.143620   0.050524   -0.051581   -0.162462   -0.281916   -0.408262   -0.531683   -0.635328   -0.708488   -0.766503   -0.843389   
0.395550   0.431799   0.463440   0.474745   0.459439   0.423500   0.370312   0.301923   0.219889   0.125559   0.019810   -0.096895   -0.224215   -0.361803   -0.506097   -0.643388   -0.753807   -0.831103   -0.901743   -1.003579   
0.368865   0.409241   0.444908   0.471045   0.465269   0.431446   0.375648   0.301163   0.210192   0.104407   -0.015160   -0.147890   -0.293284   -0.450690   -0.613896   -0.764985   -0.881999   -0.965863   -1.054759   -1.185652   
0.337834   0.383911   0.424122   0.459178   0.466705   0.437053   0.379294   0.298668   0.198227   0.080056   -0.054576   -0.204831   -0.370013   -0.548867   -0.731891   -0.896729   -1.020635   -1.114423   -1.227310   -1.390955   
0.302148   0.355483   0.401525   0.442268   0.463281   0.440237   0.381275   0.294443   0.183942   0.052385   -0.098632   -0.267989   -0.454742   -0.656626   -0.860328   -1.038981   -1.170601   -1.278406   -1.420809   -1.620758   
0.261544   0.323615   0.376761   0.422993   0.454748   0.440860   0.381583   0.288475   0.167269   0.021259   -0.147532   -0.337639   -0.547807   -0.774261   -0.999468   -1.192161   -1.332873   -1.459271   -1.636498   -1.876332   
0.215838   0.288031   0.349578   0.402092   0.441919   0.438704   0.380195   0.280732   0.148125   -0.013463   -0.201483   -0.414057   -0.649527   -0.902077   -1.149590   -1.356732   -1.508494   -1.658359   -1.875556   -2.158949   


#  Thrust coefficient

0.082071   0.080238   0.078325   0.076373   0.074443   0.072622   0.071027   0.069792   0.069051   0.068859   0.069145   0.069685   0.070068   0.069854   0.068765   0.066714   0.063754   0.060000   0.055574   0.050569   
0.099066   0.096914   0.094956   0.093367   0.092355   0.092142   0.092847   0.094341   0.096241   0.097816   0.098229   0.097011   0.094089   0.089630   0.083907   0.077163   0.069577   0.061310   0.052471   0.043141   
0.121012   0.119617   0.119138   0.119905   0.122089   0.125415   0.129193   0.132155   0.132950   0.130997   0.126380   0.119502   0.110865   0.100861   0.089761   0.077761   0.065025   0.051690   0.037862   0.023622   
0.150350   0.151530   0.154714   0.159781   0.165906   0.171509   0.174400   0.173236   0.168018   0.159358   0.148049   0.134787   0.119991   0.103944   0.086881   0.069025   0.050552   0.031590   0.012252   -0.007303   
0.189641   0.195525   0.203755   0.212861   0.220227   0.222855   0.219536   0.210866   0.197939   0.181901   0.163597   0.143487   0.121908   0.099172   0.075581   0.051357   0.026667   0.001670   -0.023442   -0.047675   
0.241005   0.252639   0.265174   0.274983   0.278057   0.273061   0.261177   0.243987   0.222993   0.199281   0.173408   0.145792   0.116832   0.086925   0.056368   0.025379   -0.005866   -0.037166   -0.067436   -0.093936   
0.305190   0.321958   0.335621   0.340747   0.335181   0.320673   0.299383   0.273265   0.243834   0.211828   0.177748   0.142083   0.105321   0.067876   0.029990   -0.008128   -0.046300   -0.083709   -0.117311   -0.142894   
0.382047   0.401181   0.410565   0.406178   0.390083   0.365210   0.334087   0.298817   0.260464   0.219637   0.176894   0.132828   0.087965   0.042612   -0.003008   -0.048712   -0.094105   -0.136461   -0.170778   -0.191966   
0.469942   0.486129   0.485545   0.469513   0.442073   0.406483   0.365473   0.320749   0.273047   0.223025   0.171332   0.118603   0.065270   0.011567   -0.042299   -0.096136   -0.148362   -0.193804   -0.225866   -0.239452   
0.565279   0.571877   0.558335   0.529934   0.490949   0.444712   0.393788   0.339298   0.281974   0.222515   0.161613   0.099867   0.037588   -0.025000   -0.087694   -0.150007   -0.208018   -0.254218   -0.281323   -0.284544   
0.662743   0.654956   0.627823   0.587126   0.536853   0.480247   0.419311   0.354901   0.287757   0.218604   0.148152   0.076907   0.005135   -0.066933   -0.139060   -0.209696   -0.272074   -0.316646   -0.336466   -0.327555   
0.756479   0.733390   0.693351   0.641063   0.580108   0.513451   0.442495   0.368035   0.290834   0.211648   0.131198   0.049904   -0.031958   -0.114119   -0.196214   -0.274587   -0.339612   -0.380478   -0.390974   -0.369858   
0.841028   0.805301   0.754420   0.691897   0.621170   0.544750   0.463767   0.379078   0.291506   0.201883   0.110908   0.018976   -0.073592   -0.166476   -0.258819   -0.344115   -0.409962   -0.445371   -0.444823   -0.412827   
0.916163   0.868497   0.810499   0.739910   0.660416   0.574494   0.483441   0.388285   0.289988   0.189454   0.087384   -0.015797   -0.119700   -0.223926   -0.326519   -0.417761   -0.482732   -0.511155   -0.498471   -0.457564   
0.988389   0.926919   0.860932   0.785182   0.698048   0.602920   0.501731   0.395852   0.286419   0.174458   0.060698   -0.054355   -0.170220   -0.286368   -0.398992   -0.495057   -0.557700   -0.577797   -0.552658   -0.504891   
1.059927   0.985048   0.907578   0.827447   0.734115   0.630180   0.518809   0.401907   0.280901   0.156962   0.030905   -0.096648   -0.225099   -0.353633   -0.475944   -0.575636   -0.634753   -0.645380   -0.608103   -0.555377   
1.131880   1.043775   0.954251   0.866445   0.768509   0.656366   0.534773   0.406547   0.273500   0.137011   -0.001960   -0.142640   -0.284287   -0.425536   -0.557102   -0.659262   -0.713828   -0.714073   -0.665404   -0.609312   
1.204842   1.103517   1.001713   0.903612   0.801056   0.681507   0.549708   0.409838   0.264260   0.114640   -0.037865   -0.192295   -0.347732   -0.501900   -0.642222   -0.745798   -0.794928   -0.784183   -0.725061   -0.666805   
1.279099   1.164462   1.050097   0.940531   0.831607   0.705592   0.563664   0.411829   0.253219   0.089875   -0.076785   -0.245577   -0.415373   -0.582561   -0.731094   -0.835162   -0.878110   -0.856065   -0.787474   -0.727942   
1.354762   1.226704   1.099527   0.977926   0.860511   0.728553   0.576679   0.412556   0.240400   0.062740   -0.118692   -0.302451   -0.487135   -0.667373   -0.823536   -0.927309   -0.963464   -0.930053   -0.852972   -0.792790   


# Torque coefficient

-0.001227   0.000401   0.002063   0.003756   0.005485   0.007272   0.009153   0.011179   0.013417   0.015922   0.018596   0.021153   0.023307   0.024873   0.025762   0.025965   0.025539   0.024568   0.023130   0.021294   
-0.000744   0.001795   0.004392   0.007091   0.009952   0.013064   0.016532   0.020276   0.023820   0.026712   0.028727   0.029785   0.029917   0.029239   0.027895   0.026009   0.023674   0.020958   0.017920   0.014601   
0.001278   0.004993   0.008899   0.013116   0.017803   0.022837   0.027424   0.030955   0.033231   0.034226   0.034059   0.032930   0.031050   0.028580   0.025623   0.022257   0.018546   0.014543   0.010288   0.005804   
0.004853   0.010138   0.015910   0.022309   0.028574   0.033522   0.036822   0.038444   0.038568   0.037462   0.035408   0.032644   0.029308   0.025493   0.021274   0.016721   0.011887   0.006801   0.001486   -0.004028   
0.010084   0.017501   0.025641   0.033081   0.038492   0.041711   0.042929   0.042487   0.040741   0.038028   0.034598   0.030577   0.026056   0.021116   0.015834   0.010260   0.004422   -0.001657   -0.007950   -0.014242   
0.017183   0.027149   0.036113   0.042348   0.045827   0.046985   0.046294   0.044181   0.041031   0.037119   0.032575   0.027489   0.021948   0.016035   0.009804   0.003285   -0.003504   -0.010541   -0.017622   -0.024174   
0.026276   0.037364   0.045028   0.049236   0.050714   0.050091   0.047869   0.044483   0.040263   0.035356   0.029852   0.023835   0.017392   0.010591   0.003460   -0.003984   -0.011728   -0.019644   -0.027166   -0.033462   
0.036246   0.046175   0.051672   0.053875   0.053657   0.051618   0.048234   0.043906   0.038822   0.033067   0.026721   0.019871   0.012599   0.004939   -0.003091   -0.011485   -0.020199   -0.028789   -0.036364   -0.042010   
0.045126   0.052681   0.056061   0.056622   0.055104   0.052022   0.047821   0.042773   0.036966   0.030471   0.023369   0.015750   0.007669   -0.000858   -0.009822   -0.019219   -0.028830   -0.037836   -0.045105   -0.050032   
0.051612   0.056731   0.058470   0.057855   0.055447   0.051681   0.046922   0.041298   0.034871   0.027714   0.019912   0.011544   0.002641   -0.006788   -0.016740   -0.027171   -0.037538   -0.046683   -0.053440   -0.057933   
0.055183   0.058502   0.059209   0.057919   0.055017   0.050871   0.045719   0.039626   0.032658   0.024888   0.016409   0.007281   -0.002478   -0.012860   -0.023860   -0.035301   -0.046263   -0.055310   -0.061573   -0.066181   
0.055672   0.058170   0.058561   0.057099   0.054059   0.049756   0.044334   0.037856   0.030396   0.022039   0.012880   0.002963   -0.007696   -0.019086   -0.031190   -0.043575   -0.054961   -0.063760   -0.069755   -0.075182   
0.052709   0.055804   0.056725   0.055596   0.052735   0.048443   0.042850   0.036046   0.028123   0.019187   0.009328   -0.001416   -0.013024   -0.025483   -0.038719   -0.051971   -0.063619   -0.072139   -0.078222   -0.085082   
0.047562   0.051390   0.053781   0.053535   0.051140   0.046999   0.041314   0.034225   0.025858   0.016335   0.005746   -0.005867   -0.018478   -0.032064   -0.046434   -0.060471   -0.072259   -0.080580   -0.087179   -0.095923   
0.042461   0.046352   0.049748   0.050962   0.049319   0.045461   0.039751   0.032410   0.023604   0.013478   0.002127   -0.010401   -0.024069   -0.038838   -0.054327   -0.069065   -0.080918   -0.089215   -0.096798   -0.107730   
0.037490   0.041594   0.045219   0.047875   0.047288   0.043851   0.038179   0.030609   0.021363   0.010611   -0.001541   -0.015031   -0.029808   -0.045806   -0.062394   -0.077750   -0.089643   -0.098167   -0.107202   -0.120505   
0.032602   0.037048   0.040929   0.044312   0.045038   0.042177   0.036603   0.028822   0.019129   0.007726   -0.005267   -0.019767   -0.035707   -0.052967   -0.070630   -0.086537   -0.098494   -0.107545   -0.118439   -0.134231   
0.027756   0.032656   0.036885   0.040628   0.042559   0.040442   0.035025   0.027049   0.016898   0.004812   -0.009061   -0.024618   -0.041774   -0.060320   -0.079033   -0.095444   -0.107535   -0.117439   -0.130520   -0.148888   
0.022924   0.028365   0.033023   0.037075   0.039858   0.038641   0.033446   0.025285   0.014661   0.001863   -0.012931   -0.029594   -0.048015   -0.067864   -0.087603   -0.104492   -0.116826   -0.127904   -0.143438   -0.164459   
0.018088   0.024138   0.029296   0.033697   0.037035   0.036766   0.031862   0.023527   0.012414   -0.001128   -0.016885   -0.034700   -0.054434   -0.075599   -0.096342   -0.113701   -0.126420   -0.138979   -0.157181   -0.180931   

